{
 "cells": [
  {
   "cell_type": "markdown",
   "metadata": {},
   "source": [
    "# 1-Bit HHL track simulation toy model 512 particles 7 layers"
   ]
  },
  {
   "cell_type": "markdown",
   "metadata": {},
   "source": [
    "This Jupyter notebook is compatible with Python 3.13, Qiskit v2.2, Qiskit Aer v0.17, Qiskit runtime version: 0.43 and Qiskit Runtime V2 primitives.\n",
    "|||\n",
    "|-|-|\n",
    "|**Author:** |Alain Chancé|\n",
    "|**Date:** |September 29, 2025|\n",
    "|**Version:** |**1.00**|\n",
    "An efficient implementation of the 1-Bit HHL track simulation toy model at the LHCb at CERN derived from the following publications:\n",
    "- [Alain Chancé, A Toy Model For Reconstructing Particle Tracks at LHCb at CERN with Quantum Computing, 30 Oct. 2025, LHCb_VeLo_Toy_Model_1-Bit_HHL.pdf](https://github.com/AlainChance/LHCb_VeLo_Toy_Model_1-Bit_HHL/blob/main/LHCb_VeLo_Toy_Model_1-Bit_HHL.pdf).\n",
    "- [Xenofon Chiotopoulos, Davide Nicotra, George Scriven, Kurt Driessens, Marcel Merk, Jochen Schütz, Jacco de Vries, Mark H.M. Winands, TrackHHL: The 1-Bit Quantum Filter for particle trajectory reconstruction, 12 Jan 2026, arXiv:2601.07766](https://doi.org/10.48550/arXiv.2601.07766)\n",
    "- [Xenofon Chiotopoulos, TrackHHL: A Quantum Computing Algorithm for Track Reconstruction at the LHCb](https://indico.cern.ch/event/1338689/contributions/6010017/attachments/2951297/5188722/CHEP_ppt.pdf)\n",
    "- Xenofon Chiotopoulos, Miriam Lucio Martinez, Davide Nicotra, Jacco A. de Vries, Kurt Driessens, Marcel Merk, and Mark H.M. Winands, TrackHHL: A Quantum Computing Algorithm for Track Reconstruction at the LHCb, EPJ Web of Conferences 337, 01181 (2025), [https://doi.org/10.1051/epjconf/202533701181](https://doi.org/10.1051/epjconf/202533701181).\n",
    "- [D. Nicotra et al., arXiv:2308.00619v2, 7 Oct 2023, A quantum algorithm for track reconstruction in the LHCb vertex detector](https://arxiv.org/pdf/2308.00619)."
   ]
  },
  {
   "cell_type": "markdown",
   "metadata": {},
   "source": [
    "## Import libraries"
   ]
  },
  {
   "cell_type": "code",
   "execution_count": 1,
   "metadata": {},
   "outputs": [],
   "source": [
    "import matplotlib.pyplot as plt"
   ]
  },
  {
   "cell_type": "code",
   "execution_count": 2,
   "metadata": {},
   "outputs": [
    {
     "name": "stdout",
     "output_type": "stream",
     "text": [
      "Qiskit version: 2.2.3\n",
      "Qiskit Aer version: 0.17.2\n",
      "Qiskit runtime version: 0.43.1\n"
     ]
    }
   ],
   "source": [
    "from One_Bit_HHL_Simulation import One_Bit_HHL"
   ]
  },
  {
   "cell_type": "markdown",
   "metadata": {},
   "source": [
    "## Setup configuration parameters"
   ]
  },
  {
   "cell_type": "code",
   "execution_count": 3,
   "metadata": {},
   "outputs": [],
   "source": [
    "config = {\n",
    "    #--------------------\n",
    "    # Simulation options\n",
    "    #--------------------\n",
    "    \"dz\": 20,                           # layer spacing (mm)\n",
    "    \"layers\": 7,                        # Number of layers\n",
    "    \"n_particles\": [128, 128, 128, 128],    # Number of particles\n",
    "    \"p_vertices\": [(0,0,4), (0,0,6), (0,0,8), (0,0,10)],  # Primary vertices\n",
    "    \"do_draw\": False,                   # Whether to draw the HHL circuit\n",
    "    \"measurement_error\": 0.0,           # HIT RESOLUTION (sigma on measurement) (sigma)\n",
    "    \"collision_noise\": 0.0,             # MULTIPLE SCATTERING (angular noise proxy)\n",
    "    \"ghost_rate\": 1e-2,                 # Ghost (fake) track rate\n",
    "    \"drop_rate\": 0.0,                   # Hit drop (inefficiency) rate\n",
    "    \"display_particles\": False,         # Whether to display initial particle states\n",
    "    \"display_hits\": False,              # Whether to display hits\n",
    "    \"display_ghost_hits\": True,         # Whether to display ghost hits\n",
    "    \"display_tracks\": False,            # Whether to display events and ghost tracks\n",
    "    \"display_clusters\": False,          # Whether to display clusters found by find_tracks()\n",
    "    \"display_false_clusters\": True,     # Whether to display clusters rejected by find_tracks()\n",
    "    \"do_plot_tracks\": False,            # Whether to plot events and ghost tracks \n",
    "    \"do_solve_scipy\": False,            # Whether to solve classically using scipy.sparse.linalg.cg\n",
    "    \"T_classical\": None,                # Threshold for discretizing classical solutions\n",
    "    \"T_hhl\": None,                      # Threshold for discretizing 1-Bit HHL solutions - None: to be computed\n",
    "    \"do_spectrum\": False,               # Whether to analyze the classical solution spectrum\n",
    "    \"do_print_counts\": False,           # Whether to print raw measurement counts\n",
    "    \"resolution\": 1000,                 # Resolution for plots of tracks - Increase for finer mesh\n",
    "    #------------------------------------------\n",
    "    # Files containing token (API key) and CRN\n",
    "    #------------------------------------------\n",
    "    \"token_file\": \"Token.txt\",          # Token file\n",
    "    \"CRN_file\": \"CRN.txt\",              # CRN file\n",
    "    #-------------\n",
    "    # Run options\n",
    "    #-------------\n",
    "    \"backend_name\": \"AerSimulator noiseless\",           # AerSimulator noiseless or Fake QPU or real IBM cloud backend name\n",
    "    \"job_id\": None,                                     # job_id of a previously run job\n",
    "    \"run_on_QPU\": False,                                # Whether to run the quantum circuit on the target hardware\n",
    "    \"nshots\": 2000000,                                  # Number of shots\n",
    "    'opt_level': 1,                                     # Optimization level\n",
    "    \"poll_interval\": 5,                                 # Poll interval in seconds for job monitor\n",
    "    \"timeout\": 600,                                     # Time out in seconds for job monitor\n",
    "    #-------------------------------------\n",
    "    # eco2AI Tracker options\n",
    "    # https://github.com/sb-ai-lab/Eco2AI\n",
    "    #-------------------------------------\n",
    "    \"do_eco2ai\": True,                                   # Whether to use the eco2AI Tracker\n",
    "    \"project_name\": \"One_Bit_HHL\",                       # Project name\n",
    "    \"experiment_description\": \"HHL_512_p_7_l_found_tracks\", # Experiment description\n",
    "    \"eco2ai_file_name\": \"HHL_512_p_7_l_found_tracks.csv\",   # eco2AI file name\n",
    "    #---------------------------------------------------------------------------------\n",
    "    # Ballpark figure (kW) for the power consumption of the IBM cloud backend\n",
    "    # \"The power consumption of a quantum computer is about 15-25kW\"\n",
    "    # https://www.capgemini.com/insights/expert-perspectives/green-quantum-computing/\n",
    "    #---------------------------------------------------------------------------------\n",
    "    \"power_QPU\": 25,                    # Ballpark figure (kW) for the power consumption of the IBM cloud backend\n",
    "}"
   ]
  },
  {
   "cell_type": "markdown",
   "metadata": {},
   "source": [
    "## Create an instance of the One_Bit_HHL class from the configuration dictionary"
   ]
  },
  {
   "cell_type": "code",
   "execution_count": 4,
   "metadata": {},
   "outputs": [
    {
     "name": "stdout",
     "output_type": "stream",
     "text": [
      "\n",
      "Simulation options\n",
      "layer spacing (mm), dz: 20\n",
      "layers: 7\n",
      "n_particles: [128, 128, 128, 128], Total number: 512\n",
      "primary_vertices: [(0, 0, 4), (0, 0, 6), (0, 0, 8), (0, 0, 10)]\n",
      "do_draw: False\n",
      "measurement hit resolution: 0.0\n",
      "multiple scattering collision noise: 0.0\n",
      "ghost (fake) track rate: 0.01\n",
      "hit drop (inefficiency) rate: 0.0\n",
      "display_particles: False\n",
      "display_hits: False\n",
      "display_ghost_hits: True\n",
      "display_tracks: False\n",
      "display_clusters: False\n",
      "display_false_clusters: True\n",
      "do_plot_tracks: False\n",
      "do_plot_heat_map: True\n",
      "do_solve_scipy: False\n",
      "T_classical: None\n",
      "T_hhl: None\n",
      "do_spectrum: False\n",
      "do_print_counts: False\n",
      "do_print_outer_segs False\n",
      "resolution: 1000\n",
      "tol: 1e-06\n",
      "\n",
      "Run options\n",
      "Backend name: AerSimulator noiseless\n",
      "Run on QPU: False\n",
      "Optimization level: 1\n",
      "\n",
      "eco2AI Tracker options\n",
      "project_name: One_Bit_HHL\n",
      "experiment_description: HHL_512_p_7_l_found_tracks\n",
      "eco2ai_file_name: HHL_512_p_7_l_found_tracks.csv\n",
      "\n",
      "Ballpark figure (kW) for QPU power consumption: 25\n",
      "\n",
      "Deleted: HHL_512_p_7_l_found_tracks.csv\n",
      "eco2AI tracker started\n"
     ]
    }
   ],
   "source": [
    "try:\n",
    "    My_HHL = One_Bit_HHL(**config)\n",
    "except Exception as e:\n",
    "   print(f\"Error creating 1_Bit_HHL instance: {e}\")"
   ]
  },
  {
   "cell_type": "markdown",
   "metadata": {},
   "source": [
    "## Setup events"
   ]
  },
  {
   "cell_type": "code",
   "execution_count": 5,
   "metadata": {},
   "outputs": [
    {
     "name": "stdout",
     "output_type": "stream",
     "text": [
      "\n",
      "----------------------------------------------------------------\n",
      " All   35 ghost hits created by the function make_noisy_event()\n",
      "----------------------------------------------------------------\n",
      "\n",
      "     Hit ID       x         y         z       Theta      Module ID\n",
      "       0        -5.20     -9.16     40.00    -2.087          2\n",
      "       0        11.34     15.95     60.00     0.953          3\n",
      "       0         5.48     13.63     40.00     1.189          2\n",
      "       0         0.20    -16.41     80.00    -1.559          4\n",
      "       0        11.68     -7.22    120.00    -0.554          6\n",
      "       0       -10.72     15.29    100.00     2.182          5\n",
      "       0        -0.66      4.61    120.00     1.712          6\n",
      "       0       -15.16    -13.55    120.00    -2.413          6\n",
      "       0       -15.59     11.29     60.00     2.515          3\n",
      "       0        -6.31     -4.04    100.00    -2.572          5\n",
      "       0         9.44     12.75    140.00     0.933          7\n",
      "       0        -3.72     -9.88     80.00    -1.931          4\n",
      "       0        13.87     10.68     60.00     0.656          3\n",
      "       0         5.04     -1.12     40.00    -0.219          2\n",
      "       0        -3.50      7.79    140.00     1.992          7\n",
      "       0       -15.26      4.65     80.00     2.846          4\n",
      "       0        -2.98     -0.76     60.00    -2.894          3\n",
      "       0         3.47      8.37    140.00     1.178          7\n",
      "       0       -15.14    -11.49     40.00    -2.492          2\n",
      "       0        -7.14      0.67    140.00     3.049          7\n",
      "       0        -7.75     -6.95    140.00    -2.410          7\n",
      "       0        -9.67      3.47     60.00     2.797          3\n",
      "       0        11.18     -0.76    100.00    -0.068          5\n",
      "       0         1.32     12.09    140.00     1.462          7\n",
      "       0       -13.84      6.22     60.00     2.719          3\n",
      "       0         3.35      3.04     80.00     0.737          4\n",
      "       0        -1.87     -6.14     80.00    -1.866          4\n",
      "       0         7.70     10.04    100.00     0.917          5\n",
      "       0         4.49     -7.54     40.00    -1.034          2\n",
      "       0         5.09     -0.53     80.00    -0.105          4\n",
      "       0        -0.13      2.69     60.00     1.618          3\n",
      "       0        -0.10    -14.65     80.00    -1.577          4\n",
      "       0         4.60     13.56    140.00     1.243          7\n",
      "       0         4.59      8.52     60.00     1.077          3\n",
      "       0        -5.96     -7.92     20.00    -2.216          1\n"
     ]
    }
   ],
   "source": [
    "My_HHL.setup_events()"
   ]
  },
  {
   "cell_type": "markdown",
   "metadata": {},
   "source": [
    "## Run classical and 1-Bit HHL simulations"
   ]
  },
  {
   "cell_type": "code",
   "execution_count": 6,
   "metadata": {},
   "outputs": [
    {
     "name": "stdout",
     "output_type": "stream",
     "text": [
      "\n",
      "find_tracks() found 511 tracks and 35 false clusters\n",
      "\n",
      "----------------------------------------------------------------\n",
      " All   35 false clusters rejected by the function find_tracks()\n",
      "----------------------------------------------------------------\n",
      "\n",
      "  Hit ID       x         y         z       Theta    Module ID\n",
      "    0        -2.98     -0.76     60.00    -2.894       3\n",
      "    0        -6.31     -4.04    100.00    -2.572       5\n",
      "    0       -15.14    -11.49     40.00    -2.492       2\n",
      "    0       -15.16    -13.55    120.00    -2.413       6\n",
      "    0        -7.75     -6.95    140.00    -2.410       7\n",
      "    0        -5.96     -7.92     20.00    -2.216       1\n",
      "    0        -5.20     -9.16     40.00    -2.087       2\n",
      "    0        -3.72     -9.88     80.00    -1.931       4\n",
      "    0        -1.87     -6.14     80.00    -1.866       4\n",
      "    0        -0.10    -14.65     80.00    -1.577       4\n",
      "    0         0.20    -16.41     80.00    -1.559       4\n",
      "    0         4.49     -7.54     40.00    -1.034       2\n",
      "    0        11.68     -7.22    120.00    -0.554       6\n",
      "    0         5.04     -1.12     40.00    -0.219       2\n",
      "    0         5.09     -0.53     80.00    -0.105       4\n",
      "    0        11.18     -0.76    100.00    -0.068       5\n",
      "    0        13.87     10.68     60.00     0.656       3\n",
      "    0         3.35      3.04     80.00     0.737       4\n",
      "    0         7.70     10.04    100.00     0.917       5\n",
      "    0         9.44     12.75    140.00     0.933       7\n",
      "    0        11.34     15.95     60.00     0.953       3\n",
      "    0         4.59      8.52     60.00     1.077       3\n",
      "    0         3.47      8.37    140.00     1.178       7\n",
      "    0         5.48     13.63     40.00     1.189       2\n",
      "    0         4.60     13.56    140.00     1.243       7\n",
      "    0         1.32     12.09    140.00     1.462       7\n",
      "    0        -0.13      2.69     60.00     1.618       3\n",
      "    0        -0.66      4.61    120.00     1.712       6\n",
      "    0        -3.50      7.79    140.00     1.992       7\n",
      "    0       -10.72     15.29    100.00     2.182       5\n",
      "    0       -15.59     11.29     60.00     2.515       3\n",
      "    0       -13.84      6.22     60.00     2.719       3\n",
      "    0        -9.67      3.47     60.00     2.797       3\n",
      "    0       -15.26      4.65     80.00     2.846       4\n",
      "    0        -7.14      0.67    140.00     3.049       7\n",
      "\n",
      "Found primary vertices:\n",
      "(0.0, 0.0, 4.0)\n",
      "(0.0, 0.0, 6.0)\n",
      "(0.0, 0.0, 8.0)\n",
      "(0.0, 0.0, 10.0)\n",
      "\n",
      "Classical processing - Duration (h): 0.0011 - Power consumption (kWh): 0.0000\n"
     ]
    }
   ],
   "source": [
    "My_HHL.run_simulation()"
   ]
  },
  {
   "attachments": {},
   "cell_type": "markdown",
   "metadata": {},
   "source": [
    "# References\n",
    "\n",
    "## The Large Hadron Collider beauty (LHCb) experiment at CERN\n",
    "[LHC-1] [The Large Hadron Collider beauty (LHCb) experiment](https://home.cern/science/experiments/lhcb)\n",
    "\n",
    "[LHC-2] [LHCb Taking a closer look at LHC](https://www.lhc-closer.es/taking_a_closer_look_at_lhc/0.lhcb)\n",
    "\n",
    "[LHC-3] [LHCb @ Syracuse: An overview](https://hep.syr.edu/quark-flavor-physics/lhcb-cern/)\n",
    "\n",
    "[LHC-4] [LHCb Upgrade II, Detector and Physics Prospects, Vincenzo Vagnoni (INFN Bologna, CERN), for the LHCb collaboration, The 2024 International Workshop on Future Tau Charm Facilities, 15 January 2024](https://indico.pnp.ustc.edu.cn/event/91/contributions/6351/attachments/1859/3063/FTCF%2015%20January%202024.pdf)\n",
    "\n",
    "## LHCb Velo Toy Model\n",
    "[TOY-1] [OneBQF](https://github.com/Xenofon-Chiotopoulos/OneBQF/tree/main)\n",
    "\n",
    "[TOY-2] [OneBQF.py](https://github.com/Xenofon-Chiotopoulos/OneBQF/blob/main/quantum_algorithms/OneBQF.py)\n",
    "\n",
    "[TOY-3] [LHCb_VeLo_Toy_Model](https://github.com/GeorgeWilliam1999/LHCb_VeLo_Toy_Model/tree/main)\n",
    "\n",
    "[TOY-4] [George_Sandbox.ipynb](https://github.com/GeorgeWilliam1999/LHCb_VeLo_Toy_Model/blob/main/George_Sandbox.ipynb)\n",
    "\n",
    "[TOY-5] [Xenofon Chiotopoulos, TrackHHL: A Quantum Computing Algorithm for Track Reconstruction at the LHCb](https://indico.cern.ch/event/1338689/contributions/6010017/attachments/2951297/5188722/CHEP_ppt.pdf)\n",
    "\n",
    "[TOY-6] [Tracking Toy Model Demo](https://github.com/Xenofon-Chiotopoulos/Tracking_Toy_model/blob/main/example_notebook.ipynb)\n",
    "\n",
    "## Algorithms for Track Reconstruction\n",
    "[ALGO-1] [Alain Chancé, A Toy Model For Reconstructing Particle Tracks at LHCb at CERN with Quantum Computing, 30 Oct. 2025, LHCb_VeLo_Toy_Model_1-Bit_HHL.pdf](https://github.com/AlainChance/LHCb_VeLo_Toy_Model_1-Bit_HHL/blob/main/LHCb_VeLo_Toy_Model_1-Bit_HHL.pdf)\n",
    "\n",
    "[ALGO-2] [Xenofon Chiotopoulos, Davide Nicotra, George Scriven, Kurt Driessens, Marcel Merk, Jochen Schütz, Jacco de Vries, Mark H.M. Winands, TrackHHL: The 1-Bit Quantum Filter for particle trajectory reconstruction, 12 Jan 2026, arXiv:2601.07766](https://doi.org/10.48550/arXiv.2601.07766)\n",
    "\n",
    "[ALGO-3] [Xenofon Chiotopoulos, TrackHHL: A Quantum Computing Algorithm for Track Reconstruction at the LHCb](https://cds.cern.ch/record/2950969/files/document.pdf)\n",
    "\n",
    "[ALGO-4] [Xenofon Chiotopoulos, Miriam Lucio Martinez, Davide Nicotra, Jacco A. de Vries, Kurt Driessens, Marcel Merk, and Mark H.M. Winands, TrackHHL: A Quantum Computing Algorithm for Track Reconstruction at the LHCb, EPJ Web of Conferences 337, 01181 (2025)](https://doi.org/10.1051/epjconf/202533701181)\n",
    "\n",
    "[ALGO-5] [Okawa, Hideki, Quantum Algorithms for Track Reconstruction at High Energy Colliders, Workshop of Tracking in Particle Physics Experiments, May 17-19, 2024](https://indico.ihep.ac.cn/event/21775/contributions/155907/attachments/78247/97329/okawa_QTrack_20240517.pdf)\n",
    "\n",
    "[ALGO-6] [Quantum pathways for charged track finding in high-energy collisions, Front. Artif. Intell., 30 May 2024, Sec. Big Data and AI in High Energy Physics, Volume 7 - 2024](https://www.frontiersin.org/journals/artificial-intelligence/articles/10.3389/frai.2024.1339785/full)\n",
    "\n",
    "[ALGO-7] [D. Nicotra et al., arXiv:2308.00619v2, 7 Oct 2023, A quantum algorithm for track reconstruction in the LHCb vertex detector](https://arxiv.org/pdf/2308.00619)\n",
    "\n",
    "[ALGO-8] [Primary Vertex Reconstruction at LHCb, LHCb-PUB-2014-044, October 21, 2014](https://cds.cern.ch/record/1756296/files/LHCb-PUB-2014-044.pdf)\n",
    "\n",
    "[ALGO-9] [Daniel Campora, Track reconstruction made easy](https://github.com/dcampora/velopix_tracking)\n",
    "\n",
    "## Harrow–Hassidim–Lloyd (HHL) Algorithm\n",
    "[HHL-1] [V., Shwetha, Abinaya Selvarajan, Aarthi A., and Sneka R.. \"Quantum Speedup for Linear Systems: An Analysis of the HHL Algorithm Using IBM Qiskit.\" Journal of Electronics and Informatics 6, no. 4 (2024): 317-331](https://irojournals.com/iroei/article/view/6/4/3)\n",
    "\n",
    "[HHL-2] [Solving linear systems of equations using HHL and its Qiskit implementation, Qiskit Tutorial](https://github.com/Qiskit/textbook/blob/main/notebooks/ch-applications/hhl_tutorial.ipynb)\n",
    "\n",
    "## Quantum Phase Estimation (QPE) Algorithm\n",
    "[QPE-1] [Stefano Scali, Josh Kirsopp, Antonio Márquez Romero, Michał Krompiec, Spectral subspace extraction via incoherent quantum phase estimation, 16 Oct 2025, arXiv:2510.14744 quant-ph](https://doi.org/10.48550/arXiv.2510.14744)\n",
    "\n",
    "[QPE-2] [Antoine Lemelin, Christophe Pere, Olivier Landon-Cardinal, Camille Coti, Mid-circuit measurement as an algorithmic primitive, 2 Sep 2025, arXiv:2506.00118 quant-ph](https://doi.org/10.48550/arXiv.2506.00118) \n",
    "\n",
    "[QPE-3] [Phase estimation variants and its implication for quantum/classical architecture by Microsoft, From the need to hybridize algorithmically to the need to integrate QPUs with CPUs, J. Mikael, EDF, E. Vergnaud, Teratec TQCI, Conference on QPU/CPU Integration](https://www.teratec.eu/library/seminaires/2022/TQCI/Microsoft_Hybrid_QC_EDF.pdf)\n",
    "\n",
    "[QPE-4] [quantum-phase-estimation.ipynb, Qiskit Textbook](https://github.com/Qiskit/textbook/blob/main/notebooks/ch-algorithms/quantum-phase-estimation.ipynb)\n",
    "\n",
    "[QPE-5] [qiskit.circuit.library.phase_estimation](https://quantum.cloud.ibm.com/docs/en/api/qiskit/qiskit.circuit.library.phase_estimation)\n",
    "\n",
    "[QPE-6] [Non-variational and Phase Estimation algorithms, Quantinuum's InQuanto 5.1.0](https://docs.quantinuum.com/inquanto/manual/algorithms/non_variational_overview.html)\n",
    "\n",
    "## Simulated Bifurcation Algorithm\n",
    "[BIFUR-1] [Simulated Bifurcation for Python](https://github.com/bqth29/simulated-bifurcation-algorithm/tree/main)\n",
    "\n",
    "[BIFUR-2] [Hideki Okawa, Qing-Guo Zeng, Xian-Zhe Tao, Man-Hong Yung, Quantum-Annealing-Inspired Algorithms for Track Reconstruction at High-Energy Colliders, 30 Aug 2024, \tarXiv:2402.14718 quant-ph](https://doi.org/10.48550/arXiv.2402.14718)\n",
    "\n",
    "## Quantum Machine Learning in High Energy Physics\n",
    "[QML-1] [Wen Guan et al, Quantum machine learning in high energy physics, 2021 Mach. Learn.: Sci. Technol. 2 011003](https://quantum.web.cern.ch/sites/default/files/2021-07/Quantum%20Machine%20Learning%20in%20High%20Energy%20Physics.pdf)\n",
    "\n",
    "[QML-2] [Gray HM. Quantum pattern recognition algorithms for charged particle tracking. Philos Trans A Math Phys Eng Sci. 2022 Feb 7;380(2216):20210103. doi: 10.1098/rsta.2021.0103. Epub 2021 Dec 20. PMID: 34923843; PMCID: PMC8685607.](https://pmc.ncbi.nlm.nih.gov/articles/PMC8685607/)\n",
    "\n",
    "## Hough transform\n",
    "[HOUGH-1] [Straight line Hough transform](https://scikit-image.org/docs/stable/auto_examples/edges/plot_line_hough_transform.html)\n",
    "\n",
    "[HOUGH-2] [Frank Klefenz, Nico Wittrock, Frank Feldhoff, Parallel Quantum Hough Transform, 15 Nov 2023, arXiv:2311.09002 eess.IV](https://doi.org/10.48550/arXiv.2311.09002)\n",
    "\n",
    "[HOUGH-3] [F. Klefenz, K.-H. Noffz, W. Conen, R. Zoz, A. Kugel, and R. Manner. “Track recognition in 4 µs by a systolic trigger processor using a parallel Hough transform”. IEEE Transactions on Nuclear Science 40, 688–691 (1993)](https://ieeexplore.ieee.org/document/256642)\n",
    "\n",
    "## Energetics of quantum computing\n",
    "\n",
    "[EN-1] informatique quantique état de l’art, perspective et défis, Olivier Ezratty, SFGP, Paris, 5 novembre 2025, https://www.oezratty.net/Files/Conferences/Olivier%20Ezratty%20Informatique%20Quantique%20SFGP%20Nov2025.pdf \n",
    "\n",
    "[EN-2] Q2B25 Paris | Olivier Ezratty, Academic, Co Founder, Free Electron, EPITA, Quantum Energy Initiative, \n",
    "QC Ware, September 24-25 2025, https://www.youtube.com/watch?v=JVtm3pbesnA\n",
    "\n",
    "[EN-3] Green quantum computing, Capgemini, 8 May 2023, https://www.capgemini.com/insights/expert-perspectives/green-quantum-computing/\n",
    "\n",
    "## SQD_Alain\n",
    "[SQD-1] [SQD_Alain](https://github.com/AlainChance/SQD_Alain)"
   ]
  }
 ],
 "metadata": {
  "kernelspec": {
   "display_name": "Python 3 (ipykernel)",
   "language": "python",
   "name": "python3"
  },
  "language_info": {
   "codemirror_mode": {
    "name": "ipython",
    "version": 3
   },
   "file_extension": ".py",
   "mimetype": "text/x-python",
   "name": "python",
   "nbconvert_exporter": "python",
   "pygments_lexer": "ipython3",
   "version": "3.13.9"
  }
 },
 "nbformat": 4,
 "nbformat_minor": 4
}
